v -0.313800 0.002400 0.000000
v -0.195989 0.334744 -0.114740
v 0.087372 0.610505 -0.189653
v 0.508348 0.836698 -0.230428
v 1.039007 1.020341 -0.242756
v 1.651415 1.168448 -0.232325
v 2.317637 1.288037 -0.204825
v 3.009741 1.386124 -0.165946
v 3.699792 1.469726 -0.121378
v 4.359857 1.545857 -0.076810
v 4.962002 1.621536 -0.037931
v 5.478293 1.703778 -0.010431
v 5.880800 1.799600 0.000000
v -0.313800 0.002217 0.000918
v -0.195989 0.353173 0.022095
v 0.087372 0.636610 0.058414
v 0.508348 0.861190 0.107303
v 1.039007 1.035570 0.166191
v 1.651415 1.168412 0.232506
v 2.317637 1.268374 0.303677
v 3.009741 1.344117 0.377133
v 3.699792 1.404299 0.450301
v 4.359857 1.457580 0.520611
v 4.962002 1.512619 0.585492
v 5.478293 1.578077 0.642371
v 5.880800 1.662614 0.688677
v -0.313800 0.001697 0.001697
v -0.195989 0.317833 0.155567
v 0.087372 0.565797 0.297588
v 0.508348 0.754572 0.428698
v 1.039007 0.893144 0.549836
v 1.651415 0.990496 0.661939
v 2.317637 1.055613 0.765947
v 3.009741 1.097480 0.862796
v 3.699792 1.125080 0.953426
v 4.359857 1.147399 1.038774
v 4.962002 1.173420 1.119778
v 5.478293 1.212129 1.197377
v 5.880800 1.272509 1.272509
v -0.313800 0.000918 0.002217
v -0.195989 0.234107 0.265354
v 0.087372 0.408846 0.491456
v 0.508348 0.533078 0.684828
v 1.039007 0.614744 0.849773
v 1.651415 0.661786 0.990598
v 2.317637 0.682144 1.111608
v 3.009741 0.683761 1.217107
v 3.699792 0.674578 1.311400
v 4.359857 0.662537 1.398792
v 4.962002 0.655578 1.483588
v 5.478293 0.661645 1.570094
v 5.880800 0.688677 1.662614
v -0.313800 -0.000000 0.002400
v -0.195989 0.114740 0.334744
v 0.087372 0.189653 0.610505
v 0.508348 0.230428 0.836698
v 1.039007 0.242756 1.020341
v 1.651415 0.232325 1.168448
v 2.317637 0.204825 1.288037
v 3.009741 0.165946 1.386124
v 3.699792 0.121378 1.469726
v 4.359857 0.076809 1.545857
v 4.962002 0.037931 1.621536
v 5.478293 0.010431 1.703778
v 5.880800 -0.000000 1.799600
v -0.313800 -0.000918 0.002217
v -0.195989 -0.022095 0.353173
v 0.087372 -0.058414 0.636610
v 0.508348 -0.107303 0.861190
v 1.039007 -0.166191 1.035570
v 1.651415 -0.232506 1.168412
v 2.317637 -0.303677 1.268374
v 3.009741 -0.377133 1.344117
v 3.699792 -0.450301 1.404299
v 4.359857 -0.520611 1.457580
v 4.962002 -0.585492 1.512619
v 5.478293 -0.642371 1.578077
v 5.880800 -0.688677 1.662614
v -0.313800 -0.001697 0.001697
v -0.195989 -0.155567 0.317833
v 0.087372 -0.297588 0.565797
v 0.508348 -0.428698 0.754572
v 1.039007 -0.549836 0.893144
v 1.651415 -0.661939 0.990496
v 2.317637 -0.765947 1.055613
v 3.009741 -0.862796 1.097480
v 3.699792 -0.953426 1.125080
v 4.359857 -1.038774 1.147399
v 4.962002 -1.119778 1.173420
v 5.478293 -1.197377 1.212129
v 5.880800 -1.272509 1.272509
v -0.313800 -0.002217 0.000918
v -0.195989 -0.265354 0.234107
v 0.087372 -0.491456 0.408846
v 0.508348 -0.684828 0.533078
v 1.039007 -0.849773 0.614744
v 1.651415 -0.990599 0.661786
v 2.317637 -1.111608 0.682144
v 3.009741 -1.217107 0.683761
v 3.699792 -1.311400 0.674578
v 4.359857 -1.398793 0.662537
v 4.962002 -1.483589 0.655578
v 5.478293 -1.570094 0.661644
v 5.880800 -1.662614 0.688677
v -0.313800 -0.002400 -0.000000
v -0.195989 -0.334744 0.114740
v 0.087372 -0.610505 0.189653
v 0.508348 -0.836698 0.230428
v 1.039007 -1.020341 0.242755
v 1.651415 -1.168448 0.232325
v 2.317637 -1.288037 0.204825
v 3.009741 -1.386124 0.165946
v 3.699792 -1.469726 0.121378
v 4.359857 -1.545857 0.076809
v 4.962002 -1.621536 0.037931
v 5.478293 -1.703778 0.010431
v 5.880800 -1.799600 -0.000000
v -0.313800 -0.002217 -0.000918
v -0.195989 -0.353173 -0.022095
v 0.087372 -0.636610 -0.058414
v 0.508348 -0.861190 -0.107303
v 1.039007 -1.035570 -0.166191
v 1.651415 -1.168412 -0.232506
v 2.317637 -1.268374 -0.303677
v 3.009741 -1.344117 -0.377132
v 3.699792 -1.404299 -0.450301
v 4.359857 -1.457580 -0.520611
v 4.962002 -1.512619 -0.585492
v 5.478293 -1.578077 -0.642371
v 5.880800 -1.662614 -0.688677
v -0.313800 -0.001697 -0.001697
v -0.195989 -0.317833 -0.155567
v 0.087372 -0.565797 -0.297588
v 0.508348 -0.754572 -0.428698
v 1.039007 -0.893144 -0.549836
v 1.651415 -0.990496 -0.661939
v 2.317637 -1.055613 -0.765947
v 3.009741 -1.097479 -0.862796
v 3.699792 -1.125080 -0.953426
v 4.359857 -1.147399 -1.038774
v 4.962002 -1.173420 -1.119778
v 5.478293 -1.212129 -1.197377
v 5.880800 -1.272509 -1.272510
v -0.313800 -0.000918 -0.002217
v -0.195989 -0.234107 -0.265355
v 0.087372 -0.408846 -0.491456
v 0.508348 -0.533078 -0.684828
v 1.039007 -0.614744 -0.849774
v 1.651415 -0.661785 -0.990599
v 2.317637 -0.682144 -1.111608
v 3.009741 -0.683761 -1.217107
v 3.699792 -0.674578 -1.311400
v 4.359857 -0.662536 -1.398793
v 4.962002 -0.655578 -1.483589
v 5.478293 -0.661644 -1.570094
v 5.880800 -0.688677 -1.662614
v -0.313800 0.000000 -0.002400
v -0.195989 -0.114740 -0.334744
v 0.087372 -0.189653 -0.610505
v 0.508348 -0.230428 -0.836698
v 1.039007 -0.242756 -1.020341
v 1.651415 -0.232325 -1.168448
v 2.317637 -0.204825 -1.288037
v 3.009741 -0.165946 -1.386124
v 3.699792 -0.121378 -1.469726
v 4.359857 -0.076809 -1.545857
v 4.962002 -0.037931 -1.621536
v 5.478293 -0.010431 -1.703778
v 5.880800 0.000000 -1.799600
v -0.313800 0.000918 -0.002217
v -0.195989 0.022095 -0.353173
v 0.087372 0.058414 -0.636610
v 0.508348 0.107303 -0.861190
v 1.039007 0.166191 -1.035570
v 1.651415 0.232506 -1.168412
v 2.317637 0.303677 -1.268374
v 3.009741 0.377133 -1.344117
v 3.699792 0.450301 -1.404299
v 4.359857 0.520612 -1.457580
v 4.962002 0.585492 -1.512619
v 5.478293 0.642371 -1.578077
v 5.880800 0.688677 -1.662614
v -0.313800 0.001697 -0.001697
v -0.195989 0.155567 -0.317833
v 0.087372 0.297588 -0.565797
v 0.508348 0.428698 -0.754572
v 1.039007 0.549836 -0.893144
v 1.651415 0.661940 -0.990496
v 2.317637 0.765947 -1.055613
v 3.009741 0.862797 -1.097479
v 3.699792 0.953426 -1.125080
v 4.359857 1.038774 -1.147398
v 4.962002 1.119779 -1.173420
v 5.478293 1.197377 -1.212129
v 5.880800 1.272510 -1.272509
v -0.313800 0.002217 -0.000918
v -0.195989 0.265354 -0.234107
v 0.087372 0.491456 -0.408846
v 0.508348 0.684828 -0.533078
v 1.039007 0.849773 -0.614744
v 1.651415 0.990599 -0.661786
v 2.317637 1.111608 -0.682144
v 3.009741 1.217107 -0.683761
v 3.699792 1.311400 -0.674578
v 4.359857 1.398792 -0.662537
v 4.962002 1.483589 -0.655578
v 5.478293 1.570094 -0.661645
v 5.880800 1.662614 -0.688677

