v 0.033337 63.633114 0.000000
v 4.650257 61.731274 -1.593964
v 8.481119 57.156956 -2.634652
v 11.623392 50.361095 -3.201102
v 14.174545 41.794621 -3.372355
v 16.232054 31.908476 -3.227449
v 17.893381 21.153587 -2.845425
v 19.256006 9.980895 -2.305321
v 20.417393 -1.158662 -1.686179
v 21.475016 -11.814151 -1.067036
v 22.526344 -21.534637 -0.526933
v 23.668846 -29.869181 -0.144909
v 25.000002 -36.366879 0.000000
v 0.030799 63.633114 0.012759
v 4.906261 61.731274 0.306947
v 8.843770 57.156956 0.811485
v 11.963623 50.361095 1.490648
v 14.386116 41.794621 2.308716
v 16.231552 31.908476 3.229965
v 17.620226 21.153587 4.218673
v 18.672440 9.980894 5.239117
v 19.508484 -1.158663 6.255573
v 20.248661 -11.814151 7.232320
v 21.013277 -21.534637 8.133636
v 21.922617 -29.869181 8.923796
v 23.096989 -36.366879 9.567085
v 0.023571 63.633114 0.023576
v 4.415330 61.731274 2.161128
v 7.860037 57.156956 4.134079
v 10.482500 50.361095 5.955461
v 12.407533 41.794621 7.638303
v 13.759946 31.908476 9.195644
v 14.664550 21.153587 10.640513
v 15.246161 9.980894 11.985944
v 15.629584 -1.158663 13.244967
v 15.939637 -11.814152 14.430621
v 16.301128 -21.534637 15.555930
v 16.838867 -29.869181 16.633932
v 17.677671 -36.366879 17.677670
v 0.012755 63.633114 0.030803
v 3.252205 61.731274 3.686298
v 5.679682 57.156956 6.827298
v 7.405511 50.361095 9.513607
v 8.540013 41.794621 11.805030
v 9.193511 31.908474 13.761370
v 9.476331 21.153585 15.442432
v 9.498795 9.980894 16.908022
v 9.371225 -1.158663 18.217939
v 9.203947 -11.814152 19.431990
v 9.107284 -21.534639 20.609976
v 9.191557 -29.869183 21.811705
v 9.567090 -36.366879 23.096987
v -0.000004 63.633114 0.033341
v 1.593960 61.731274 4.650261
v 2.634648 57.156956 8.481122
v 3.201098 50.361095 11.623394
v 3.372351 41.794621 14.174548
v 3.227447 31.908474 16.232056
v 2.845423 21.153585 17.893383
v 2.305321 9.980893 19.256006
v 1.686178 -1.158664 20.417393
v 1.067036 -11.814153 21.475016
v 0.526934 -21.534639 22.526342
v 0.144911 -29.869183 23.668844
v 0.000002 -36.366879 25.000000
v -0.012763 63.633114 0.030803
v -0.306951 61.731274 4.906265
v -0.811489 57.156956 8.843772
v -1.490652 50.361095 11.963625
v -2.308719 41.794621 14.386119
v -3.229968 31.908474 16.231554
v -4.218674 21.153585 17.620228
v -5.239117 9.980893 18.672440
v -6.255573 -1.158664 19.508484
v -7.232319 -11.814154 20.248663
v -8.133634 -21.534639 21.013275
v -8.923794 -29.869183 21.922615
v -9.567083 -36.366879 23.096987
v -0.023580 63.633114 0.023576
v -2.161132 61.731274 4.415335
v -4.134083 57.156956 7.860039
v -5.955463 50.361095 10.482501
v -7.638306 41.794621 12.407533
v -9.195646 31.908474 13.759946
v -10.640514 21.153585 14.664552
v -11.985945 9.980892 15.246162
v -13.244967 -1.158665 15.629584
v -14.430620 -11.814154 15.939636
v -15.555928 -21.534641 16.301126
v -16.633930 -29.869184 16.838865
v -17.677668 -36.366879 17.677670
v -0.030807 63.633114 0.012759
v -3.686302 61.731274 3.252208
v -6.827302 57.156956 5.679686
v -9.513611 50.361095 7.405510
v -11.805034 41.794621 8.540011
v -13.761374 31.908472 9.193509
v -15.442439 21.153584 9.476328
v -16.908026 9.980892 9.498790
v -18.217941 -1.158665 9.371221
v -19.431992 -11.814155 9.203940
v -20.609980 -21.534641 9.107276
v -21.811707 -29.869184 9.191548
v -23.096989 -36.366879 9.567081
v -0.033345 63.633114 0.000000
v -4.650265 61.731274 1.593964
v -8.481126 57.156956 2.634651
v -11.623397 50.361095 3.201101
v -14.174551 41.794621 3.372353
v -16.232058 31.908472 3.227448
v -17.893385 21.153584 2.845423
v -19.256006 9.980891 2.305320
v -20.417393 -1.158666 1.686177
v -21.475016 -11.814155 1.067034
v -22.526340 -21.534641 0.526931
v -23.668842 -29.869184 0.144907
v -24.999998 -36.366879 -0.000002
v -0.030807 63.633114 -0.012759
v -4.906269 61.731274 -0.306947
v -8.843777 57.156956 -0.811484
v -11.963627 50.361095 -1.490648
v -14.386122 41.794621 -2.308716
v -16.231556 31.908472 -3.229964
v -17.620230 21.153584 -4.218671
v -18.672438 9.980892 -5.239115
v -19.508484 -1.158665 -6.255571
v -20.248661 -11.814155 -7.232320
v -21.013273 -21.534641 -8.133636
v -21.922613 -29.869184 -8.923797
v -23.096985 -36.366879 -9.567086
v -0.023580 63.633114 -0.023575
v -4.415338 61.731274 -2.161129
v -7.860041 57.156956 -4.134080
v -10.482502 50.361095 -5.955462
v -12.407534 41.794621 -7.638307
v -13.759946 31.908472 -9.195648
v -14.664552 21.153584 -10.640517
v -15.246160 9.980892 -11.985948
v -15.629583 -1.158665 -13.244972
v -15.939635 -11.814154 -14.430624
v -16.301123 -21.534641 -15.555935
v -16.838861 -29.869184 -16.633936
v -17.677664 -36.366879 -17.677673
v -0.012763 63.633114 -0.030803
v -3.252212 61.731274 -3.686298
v -5.679688 57.156956 -6.827300
v -7.405513 50.361095 -9.513611
v -8.540011 41.794621 -11.805035
v -9.193509 31.908474 -13.761376
v -9.476326 21.153585 -15.442437
v -9.498788 9.980892 -16.908026
v -9.371217 -1.158665 -18.217941
v -9.203936 -11.814154 -19.431993
v -9.107270 -21.534639 -20.609982
v -9.191543 -29.869183 -21.811710
v -9.567074 -36.366879 -23.096992
v -0.000004 63.633114 -0.033341
v -1.593968 61.731274 -4.650261
v -2.634655 57.156956 -8.481123
v -3.201105 50.361095 -11.623395
v -3.372357 41.794621 -14.174548
v -3.227450 31.908474 -16.232056
v -2.845426 21.153585 -17.893383
v -2.305321 9.980893 -19.256006
v -1.686178 -1.158664 -20.417393
v -1.067034 -11.814153 -21.475016
v -0.526930 -21.534639 -22.526342
v -0.144906 -29.869183 -23.668844
v 0.000004 -36.366879 -25.000000
v 0.012755 63.633114 -0.030803
v 0.306944 61.731274 -4.906264
v 0.811482 57.156956 -8.843773
v 1.490647 50.361095 -11.963626
v 2.308716 41.794621 -14.386119
v 3.229966 31.908474 -16.231554
v 4.218674 21.153585 -17.620228
v 5.239119 9.980893 -18.672440
v 6.255578 -1.158664 -19.508482
v 7.232327 -11.814152 -20.248663
v 8.133643 -21.534639 -21.013273
v 8.923804 -29.869183 -21.922613
v 9.567095 -36.366879 -23.096987
v 0.023571 63.633114 -0.023575
v 2.161125 61.731274 -4.415333
v 4.134079 57.156956 -7.860039
v 5.955461 50.361095 -10.482501
v 7.638307 41.794621 -12.407532
v 9.195648 31.908474 -13.759944
v 10.640518 21.153585 -14.664548
v 11.985950 9.980894 -15.246157
v 13.244975 -1.158663 -15.629580
v 14.430627 -11.814152 -15.939632
v 15.555939 -21.534637 -16.301123
v 16.633942 -29.869181 -16.838861
v 17.677679 -36.366879 -17.677664
v 0.030799 63.633114 -0.012759
v 3.686293 61.731274 -3.252209
v 6.827295 57.156956 -5.679686
v 9.513606 50.361095 -7.405514
v 11.805030 41.794621 -8.540015
v 13.761372 31.908476 -9.193513
v 15.442434 21.153587 -9.476333
v 16.908022 9.980894 -9.498795
v 18.217939 -1.158663 -9.371225
v 19.431992 -11.814151 -9.203945
v 20.609980 -21.534637 -9.107281
v 21.811708 -29.869181 -9.191554
v 23.096991 -36.366879 -9.567086
